2.51 0 1 2.13777 2.13777 0 
2.53 0 1 2.38048 2.38048 0 
2.55 0 1 2.75926 2.64856 0.110702 
2.57 3 1.98806 3.2211 2.94434 0.276756 
2.59 0 1 4.18359 3.27029 0.913294 
2.61 6 2.83275 4.3486 3.62903 0.719565 
2.63 3 2.04989 4.88128 4.02334 0.857943 
2.65 3 2.00912 5.7015 4.4561 1.2454 
2.67 8 3.14026 5.6776 4.93036 0.747241 
2.69 10 3.64208 6.27949 5.44923 0.830267 
2.71 8 3.08097 6.81851 6.01592 0.802592 
2.73 5 2.62497 7.4086 6.63369 0.774916 
2.75 10 3.54191 7.99769 7.3058 0.691889 
2.77 13 3.99492 8.97646 8.03549 0.94097 
2.79 10 3.57019 9.87758 8.8259 1.05167 
2.81 11 3.67449 10.7317 9.68003 1.05167 
2.83 11 3.73268 11.597 10.6006 0.996321 
2.85 14 4.0869 12.6696 11.5902 1.07935 
2.87 20 4.84177 13.8963 12.6509 1.2454 
2.89 20 4.73996 14.587 13.7844 0.802592 
2.91 13 3.88147 16.1265 14.9918 1.1347 
2.93 14 4.07399 17.6296 16.2735 1.3561 
2.95 32 5.94584 18.9578 17.6294 1.32843 
2.97 20 4.76178 20.2209 19.0585 1.16237 
2.99 15 4.01394 22.0812 20.559 1.52216 
3.01 25 5.24604 22.9862 22.1282 0.857943 
3.03 28 5.58395 25.3678 23.7626 1.60518 
3.05 25 5.17173 27.035 25.4575 1.57751 
3.07 28 5.55429 28.7852 27.2077 1.57751 
3.09 30 5.73349 30.5568 29.007 1.54983 
3.11 39 6.45316 32.0661 30.8484 1.21773 
3.13 34 6.01798 34.5232 32.7243 1.79891 
3.15 40 6.50187 35.9274 34.6266 1.30075 
3.17 33 5.93444 38.0137 36.5469 1.46681 
3.19 33 5.97532 39.9986 38.4764 1.52216 
3.21 54 7.59317 42.1223 40.4064 1.71589 
3.23 58 7.8912 44.044 42.3281 1.71589 
3.25 41 6.64762 46.4473 44.2332 2.21405 
3.27 34 5.96812 48.1063 46.1136 1.99264 
3.29 50 7.27672 49.7054 47.9618 1.74356 
3.31 57 7.73858 51.7636 49.771 1.99264 
3.33 54 7.61259 53.8319 51.5349 2.29707 
3.35 55 7.59913 55.4622 53.2481 2.21405 
3.37 76 8.87182 57.0925 54.9062 2.18637 
3.39 64 8.1421 58.8299 56.5052 2.32475 
3.41 69 8.30662 59.8964 58.0421 1.85426 
3.43 45 6.80587 61.9504 59.5149 2.43545 
3.45 58 7.81691 63.4404 60.922 2.51848 
3.47 66 8.30168 65.03 62.2625 2.76756 
3.49 72 8.62871 67.0234 63.5363 3.48712 
3.51 76 8.88035 67.6496 64.7437 2.90594 
3.53 72 8.58779 68.7361 65.8855 2.85058 
3.55 82 9.21209 70.035 66.963 3.07199 
3.57 62 8.04565 72.1013 67.9776 4.12366 
3.59 63 8.06027 72.8335 68.9313 3.90226 
3.61 88 9.46906 74.3093 69.8259 4.48344 
3.63 71 8.61214 75.2579 70.6637 4.59415 
3.65 66 8.30366 76.4286 71.447 4.9816 
3.67 75 8.77068 77.5747 72.178 5.39674 
3.69 82 9.21032 78.5603 72.8592 5.70117 
3.71 87 9.53954 80.4394 73.4928 6.94657 
3.73 99 10.2372 81.4707 74.0813 7.38938 
3.75 94 9.88265 81.6842 74.6269 7.05727 
3.77 72 8.71254 83.6006 75.1318 8.46873 
3.79 85 9.43885 84.2053 75.5982 8.6071 
3.81 106 10.5678 85.9635 76.028 9.93553 
3.83 101 10.3211 86.6909 76.4232 10.2676 
3.85 91 9.65714 87.5238 76.7857 10.7381 
3.87 105 10.5817 89.5712 77.1172 12.454 
3.89 103 10.4713 89.6242 77.4193 12.2049 
3.91 93 9.95206 91.0885 77.6935 13.395 
3.93 62 8.19424 91.0596 77.9414 13.1182 
3.95 100 10.3057 93.1089 78.1641 14.9448 
3.97 95 10.1507 93.0588 78.3631 14.6957 
3.99 109 10.8605 93.7332 78.5394 15.1939 
4.01 76 9.03572 96.6001 78.694 17.9061 
4.03 98 10.421 95.2951 78.8281 16.467 
4.05 101 10.5686 98.1216 78.9425 19.1792 
4.07 74 9.09167 96.6397 79.038 17.6017 
4.09 92 10.3482 98.6267 79.1154 19.5113 
4.11 89 10.0198 100.264 79.1755 21.0888 
4.13 99 10.4983 100.557 79.2189 21.3379 
4.15 105 10.9136 101.608 79.2462 22.3619 
4.17 86 9.99375 104.249 79.258 24.991 
4.19 125 12.1034 105.63 79.2547 26.3748 
4.21 115 11.559 104.588 79.2368 25.3508 
4.23 89 10.2273 107.102 79.2048 27.897 
4.25 119 11.8888 110.156 79.1591 30.9966 
4.27 114 11.5922 111.204 79.0999 32.1037 
4.29 97 10.7184 113.622 79.0277 34.5945 
4.31 119 11.9911 118.38 78.9427 39.4377 
4.33 121 12.0914 122.351 78.8452 43.506 
4.35 124 12.1877 123.791 78.7354 45.0558 
4.37 132 12.7748 132.526 78.6136 53.912 
4.39 131 12.6177 139.643 78.48 61.163 
4.41 145 13.5095 156.906 78.3347 78.571 
4.43 163 14.2564 176.177 78.178 97.9992 
4.45 193 15.3994 198.371 78.0099 120.361 
4.47 224 16.8094 235.388 77.8306 157.557 
4.49 267 18.4705 275.742 77.6404 198.102 
4.51 330 20.6832 346.307 77.4391 268.868 
4.53 427 23.7375 434.021 77.2271 356.794 
4.55 558 27.2393 537.249 77.0043 460.245 
4.57 618 28.8778 663.133 76.7709 586.362 
4.59 792 32.2026 735.538 76.527 659.011 
4.61 887 34.7757 863.228 76.2725 786.955 
4.63 953 35.4404 882.225 76.0077 806.217 
4.65 904 35.212 918.592 75.7325 842.86 
4.67 896 35.8402 901.231 75.4469 825.784 
4.69 745 32.6443 792.585 75.1512 717.434 
4.71 632 30.1765 673.413 74.8452 598.567 
4.73 530 27.7674 545.263 74.529 470.734 
4.75 396 24.1304 445.083 74.2027 370.88 
4.77 400 24.3061 346.609 73.8663 272.743 
4.79 310 21.1907 272.341 73.5199 198.821 
4.81 252 19.5631 230.112 73.1634 156.948 
4.83 226 18.5878 191.774 72.7969 118.977 
4.85 173 16.5064 168.482 72.4204 96.0619 
4.87 153 15.2424 141.61 72.0339 69.5764 
4.89 152 15.6544 133.05 71.6375 61.4121 
4.91 143 14.9837 119.774 71.2312 48.543 
4.93 147 15.6243 116.175 70.8149 45.3603 
4.95 104 13.1739 106.007 70.3887 35.6185 
4.97 103 13.3089 102.333 69.9526 32.3804 
4.99 102 13.2753 97.5697 69.5067 28.063 
5.01 94 12.7467 93.2117 69.0509 24.1608 
5.03 101 13.1618 87.1832 68.5852 18.598 
5.05 111 13.9876 87.3442 68.1097 19.2345 
5.07 85 12.5298 85.9732 67.6243 18.3489 
5.09 101 13.612 84.537 67.1291 17.4079 
5.11 84 12.7349 80.3234 66.624 13.6994 
5.13 89 12.8505 78.0927 66.1091 11.9835 
5.15 73 11.5828 77.7894 65.5845 12.2049 
5.17 74 11.8622 75.5943 65.0499 10.5444 
5.19 75 12.089 74.4135 64.5056 9.90786 
5.21 81 12.6927 74.8003 63.9515 10.8488 
5.23 72 12.1818 73.074 63.3876 9.68645 
5.25 75 12.4486 70.7844 62.8138 7.97057 
5.27 61 11.2998 69.7027 62.2303 7.47241 
5.29 79 12.9212 67.947 61.637 6.31003 
5.31 71 12.2174 67.0394 61.0338 6.0056 
5.33 87 13.6889 66.9247 60.4209 6.50376 
5.35 66 12.2704 65.5824 59.7982 5.7842 
5.37 72 12.6593 64.3411 59.1657 5.17533 
5.39 71 12.928 63.339 58.5235 4.81555 
5.41 44 10.1255 62.2165 57.8714 4.34507 
5.43 69 12.7786 61.5823 57.2096 4.37274 
5.45 59 11.663 61.0767 56.5379 4.53879 
5.47 46 10.7342 60.2846 55.8565 4.42809 
5.49 67 12.75 59.8148 55.1653 4.6495 
5.51 41 9.99304 58.1452 54.4644 3.68085 
5.53 42 10.4165 57.3791 53.7536 3.6255 
5.55 56 12.2644 56.6586 53.0331 3.6255 
5.57 48 11.2235 56.3435 52.3028 4.04063 
5.59 49 11.6629 55.0499 51.5627 3.48712 
5.61 66 13.5785 54.4107 50.8129 3.59782 
5.63 52 12.0133 53.0976 50.0533 3.04431 
5.65 30 9.22125 52.1898 49.2839 2.90594 
5.67 74 14.856 50.9678 48.5047 2.46313 
5.69 46 11.6336 50.594 47.7157 2.87826 
5.71 53 12.7113 49.8783 46.917 2.96129 
5.73 52 12.811 47.9074 46.1085 1.79891 
5.75 45 11.8082 47.8917 45.2902 2.6015 
5.77 50 12.312 46.7593 44.4622 2.29707 
5.79 59 13.9583 45.534 43.6244 1.90961 
5.81 43 12.017 44.6864 42.7768 1.90961 
5.83 36 11.144 43.9397 41.9194 2.02032 
5.85 30 10.1629 43.294 41.0523 2.24172 
5.87 53 13.7723 41.7252 40.1753 1.54983 
5.89 32 10.8991 41.8902 39.2887 2.6015 
5.91 47 13.1347 40.6063 38.3922 2.21405 
5.93 100 18.9295 39.3402 37.486 1.85426 
5.95 61 14.7991 38.2582 36.57 1.68821 
5.97 64 15.6137 37.194 35.6442 1.54983 
5.99 23 9.47654 36.6183 34.7087 1.90961 
